grb_length <-
c(2, 9, 4, 3, 6, 3, 3, 5, 2, 14, 9, 2, 4, 2, 6, 2, 4, 8, 4, 12, 6, 3, 2, 3, 16, 2)
ep_err <-
c(0.037431, 0.054766, 0.013304, 0.012046, 0.021539, 0.010671, 0.021659, 0.067362, 0.043383, 0.027904, 0.031766, 0.137892, 0.030154000000000007, 0.044992, 0.13786500000000002, 0.023865, 0.021127, 0.049789, 0.097204, 0.066729, 0.08565299999999999, 0.104546, 0.203639, 0.087639, 0.439673, 0.054884, 0.10483, 0.084262, 0.028954, 0.04481, 0.080738, 0.032041, 0.08166799999999999, 0.14366800000000002, 0.154387, 0.11701, 0.457863, 0.039427, 0.045398, 0.036715, 0.046423, 0.036538, 0.030536, 0.041416, 0.049216, 0.07721499999999999, 0.07482799999999999, 0.107953, 0.108441, 0.441468, 0.192731, 0.0451, 0.050382, 0.064802, 0.076769, 0.122424, 0.10922, 0.052033, 0.132682, 0.358743, 0.23395700000000005, 0.08394, 0.109618, 0.06095, 0.060562, 0.12292, 0.024605, 0.079682, 0.15070799999999998, 0.06261900000000001, 0.088755, 0.200161, 0.17183099999999998, 0.130573, 0.053128, 0.081467, 0.064638, 0.07851799999999999, 0.126802, 0.09286, 0.064123, 0.091356, 0.058206, 0.13353099999999998, 0.101581, 0.100102, 0.151342, 0.103853, 0.059087, 0.064749, 0.055469, 0.04673, 0.052499, 0.035457, 0.024729, 0.121494, 0.058931, 0.055977, 0.175848, 0.115405, 0.062671, 0.181506, 0.332771, 0.115861, 0.052568, 0.019334, 0.181507, 0.124912, 0.139049, 0.536511, 0.103403, 0.071922, 0.133414, 0.082635, 0.051213, 0.164492, 0.20362, 0.172345, 0.049336, 0.045782, 0.027845, 0.041567, 0.037429, 0.016255000000000002, 0.020559, 0.044213, 0.052347000000000005, 0.059243, 0.099038, 0.066535, 0.074725, 0.107327, 0.106179, 0.171766, 0.018436, 0.013813)
lum_err <-
c(0.1359538, 0.1214091, 0.0486165, 0.03578945, 0.05571701, 0.03074642, 0.05138287, 0.09428806, 0.07868201, 0.06024599, 0.1114017, 0.2734933, 0.1321211, 0.1434193, 0.14631429999999998, 0.05390312, 0.0501925, 0.07523232, 0.11521860000000002, 0.06999135, 0.07428968, 0.07356037, 0.02976598, 0.06538094, 0.3078679, 0.08232833, 0.1146318, 0.29009559999999995, 0.1527738, 0.1522296, 0.1176789, 0.06300318, 0.1875765, 0.1273283, 0.2024603, 0.189568, 0.2096115, 0.05186087, 0.04122584, 0.08380941, 0.1352724, 0.09135786, 0.0857727, 0.1317612, 0.1071772, 0.1735779, 0.1821579, 0.2539053, 0.2131882, 0.2810312, 0.2630708, 0.08739197, 0.08679880000000001, 0.1140962, 0.1453169, 0.09053765, 0.1706443, 0.09148238, 0.143087, 0.1231616, 0.14362879999999995, 0.046872199999999996, 0.07362274, 0.08149993, 0.08979457, 0.1161722, 0.0916998, 0.1452057, 0.1581526, 0.1179553, 0.14008710000000002, 0.06722651, 0.09310831, 0.1263752, 0.1696159, 0.20912310000000006, 0.17529470000000005, 0.21475210000000006, 0.2407482, 0.1757899, 0.05666023, 0.05447969, 0.03659669, 0.04334135, 0.02426686, 0.05101637, 0.02084282, 0.04808244, 0.03121793, 0.01741321, 0.02306145, 0.02164899, 0.03976575, 0.03336963, 0.03272099, 0.05698505, 0.08516903, 0.06343443, 0.126262, 0.08754135, 0.07897933, 0.1485253, 0.2699645, 0.1542054, 0.04612672, 0.029572, 0.05376272, 0.07687104, 0.08097815, 0.35790229999999995, 0.05019663, 0.09336447, 0.03834707, 0.1003055, 0.08124231, 0.2282898, 0.1534956, 0.1325581, 0.02779084, 0.03116117, 0.02709573, 0.04622736, 0.031520799999999995, 0.01640488, 0.01694454, 0.03977663, 0.028736, 0.08393769, 0.07276291, 0.09132921, 0.09804596, 0.1187776, 0.09602686, 0.1302034, 0.03856613, 0.03201668)
ep_model <-
c(0.5, 0.5303030303030303, 0.5606060606060606, 0.5909090909090909, 0.6212121212121212, 0.6515151515151515, 0.6818181818181819, 0.7121212121212122, 0.7424242424242424, 0.7727272727272727, 0.803030303030303, 0.8333333333333334, 0.8636363636363636, 0.8939393939393939, 0.9242424242424243, 0.9545454545454546, 0.9848484848484849, 1.0151515151515151, 1.0454545454545454, 1.0757575757575757, 1.106060606060606, 1.1363636363636362, 1.1666666666666667, 1.196969696969697, 1.2272727272727273, 1.2575757575757576, 1.2878787878787878, 1.3181818181818183, 1.3484848484848486, 1.378787878787879, 1.4090909090909092, 1.4393939393939394, 1.4696969696969697, 1.5, 1.5303030303030303, 1.5606060606060606, 1.5909090909090908, 1.6212121212121213, 1.6515151515151516, 1.6818181818181819, 1.7121212121212122, 1.7424242424242424, 1.7727272727272727, 1.803030303030303, 1.8333333333333335, 1.8636363636363638, 1.893939393939394, 1.9242424242424243, 1.9545454545454546, 1.9848484848484849, 2.015151515151515, 2.0454545454545454, 2.0757575757575757, 2.1060606060606064, 2.1363636363636367, 2.166666666666667, 2.1969696969696972, 2.2272727272727275, 2.257575757575758, 2.287878787878788, 2.3181818181818183, 2.3484848484848486, 2.378787878787879, 2.409090909090909, 2.4393939393939394, 2.4696969696969697, 2.5, 2.5303030303030303, 2.5606060606060606, 2.590909090909091, 2.621212121212121, 2.6515151515151514, 2.6818181818181817, 2.7121212121212124, 2.7424242424242427, 2.772727272727273, 2.803030303030303, 2.8333333333333335, 2.8636363636363638, 2.893939393939394, 2.9242424242424243, 2.9545454545454546, 2.984848484848485, 3.015151515151515, 3.0454545454545454, 3.0757575757575757, 3.106060606060606, 3.1363636363636362, 3.166666666666667, 3.1969696969696972, 3.2272727272727275, 3.257575757575758, 3.287878787878788, 3.3181818181818183, 3.3484848484848486, 3.378787878787879, 3.409090909090909, 3.4393939393939394, 3.4696969696969697, 3.5)
N <- 136
N_grbs <- 26
lum_obs <-
c(52.00607, 51.71503, 52.39123, 52.11867, 52.38309, 52.16685, 52.08332, 52.07232, 51.81649, 51.60327, 50.98297, 52.47241999999999, 52.40345, 51.73338, 51.85569, 51.1664, 50.8681, 50.66053, 51.67708, 51.92918, 51.74052, 51.61529, 51.41185, 51.085, 52.19443, 51.38752, 51.18205, 52.47063000000001, 52.3568, 52.00373, 53.16036999999999, 53.09766, 52.4803, 52.18473, 51.73063, 51.91519, 51.41971, 53.615730000000006, 53.73906, 53.39982, 53.03433, 53.00296, 52.88024, 53.05948000000001, 53.0778, 52.6671, 52.40303, 52.19053, 51.5761, 51.75168, 51.69458, 52.49197, 52.23604, 52.43241999999999, 52.0345, 51.96998, 51.70897, 51.75179, 51.58424, 51.34748, 51.58703, 51.1095, 52.25509, 51.74345, 51.325, 51.12455, 51.52726, 51.30799, 52.49953000000001, 52.12674000000001, 51.8557, 51.81837, 51.53673, 51.22749, 52.20354, 51.95621, 52.84549000000001, 52.4177, 52.02991, 51.55343, 51.3533, 51.07035, 50.70734, 51.04524, 51.3518, 51.00556, 50.90678, 50.46503, 51.15529, 50.86357, 50.54027, 50.45558, 52.78015, 52.86946, 52.86679, 52.77309, 52.23925, 52.1821, 51.94703, 51.8392, 51.45292, 51.12887, 50.94575, 51.21696, 52.26662, 52.25498, 51.93006, 51.73488, 51.29178, 51.43505, 52.13712, 51.68068, 51.50868, 51.39516, 51.02073, 51.44038, 51.96264, 51.70657, 52.84998, 52.99517, 53.05379, 52.92638, 52.81078, 52.87016, 53.01192, 52.77226, 52.54821999999999, 52.31091, 52.21039, 52.04058, 51.84408, 51.75222, 51.53522, 51.32989, 52.12687, 51.89863)
N_model <- 100
