norm_sigma <- 0.5
gamma_sigma <- 0.2
grb_length <-
c(11, 6, 5, 9, 11, 8, 14, 11, 8, 7, 7, 11, 8, 3, 7, 11, 5, 5, 9, 9, 10, 13, 11, 10, 11)
ep_err <-
c(0.14426325732643916, 0.034841364782650985, 0.048902050760382704, 0.0061433314858424844, 0.01908392444788115, 0.02679232011421825, 0.10061126464910404, 0.014414470535316807, 0.032988934091982246, 0.21188691493617928, 0.03664485408844667, 0.06103201872938037, 0.2686356909202046, 0.02199621827620077, 0.07188944984885506, 0.04496884362351334, 0.058834388917998894, 0.011636711080667465, 0.0173001342662859, 0.03669951637691263, 0.11609419241969166, 0.20561794729883648, 0.01688120816273791, 0.018298021282857502, 0.05472027727409532, 0.00590496393573144, 0.05466220348914924, 0.1093989293813754, 0.059587600539879486, 0.029020208038344326, 0.028831748436441387, 0.0034554176519311385, 0.05297412773550791, 0.2771639526863701, 0.07335295616996466, 0.04263929118091258, 0.00541464383093227, 0.06017099365651421, 0.05411252390519533, 0.002517167845146712, 0.07858285933706034, 0.03656494871317414, 0.10029463113972642, 0.0012783205492827034, 0.015524054628422039, 0.034864899194539334, 0.003491552300536182, 0.2483304019782295, 0.013489645183364853, 0.02344358809010764, 0.0347135326558584, 0.00017692319761615407, 0.03278188151854194, 0.13117741001006472, 0.01105513732285917, 0.002674845733523771, 0.02610940442794035, 0.02329233252088413, 0.09729907783517422, 0.0013485800480844028, 0.12637978791343826, 0.05711300720170192, 0.11728819838055247, 0.046764640514387334, 0.004573304734701879, 0.021293191748156737, 0.1444476239342093, 0.03378407791774314, 0.01574761181148664, 0.0223474691767217, 0.011827439288329675, 0.027339919149907955, 0.012297292929037168, 0.09345984355644653, 0.03046517902958308, 0.004904189918385879, 0.09084343677369089, 0.026404160614512725, 0.05419355482525745, 0.14341143928238043, 0.014060525682477324, 0.0006623594563342826, 0.001222237961845923, 0.01256153274925567, 4.094548332067848e-06, 0.1971172607591749, 0.10715656129661738, 0.125957805992014, 0.02685022865443475, 0.068249243907947, 0.054112657373979633, 0.023770460309967607, 0.007290222666155909, 0.041467202451889854, 0.06492881928376514, 0.05560412091480284, 0.014218588112328576, 0.10770956159838359, 0.05222938144968306, 0.09774721794151738, 0.09567925461828697, 0.156534122511355, 0.05985685045232612, 0.08183966805619225, 0.06604928721708898, 0.04647219736266645, 0.06317802607235588, 0.0628951296878702, 0.2743660010217651, 0.0537595763305008, 0.010908389159393976, 0.005167238466536777, 0.14339384775008024, 0.1448195407963871, 0.04855429376974113, 0.000856875560415789, 0.09291979755749882, 0.003963204013467134, 0.03280493428482459, 0.0007565016138256805, 0.10565713017876066, 0.003303707600212644, 0.06609943060417323, 0.2611640835856555, 0.03477647889006392, 0.011743981949163748, 0.1140180661300334, 0.1469368791188338, 0.12346417050801649, 0.07022665197334602, 0.014139436818065669, 0.024328724211735944, 0.01642519995043183, 0.053597579393300857, 0.019594505174995704, 0.07020084506538692, 0.006024219712636108, 0.09407775254463895, 0.12750097823540488, 0.039984273972022116, 0.015600180675167725, 0.2314680223360691, 0.05206713669459424, 0.014367186705474414, 0.013052889741255309, 0.010929350197119096, 0.16081840337834674, 0.005365122832576258, 0.09238078825038404, 0.0476182325761283, 0.005175228082818329, 0.04512766602420077, 0.032544232644879205, 0.013282565085711752, 0.0009976925560595134, 0.022751201778398063, 0.030231878771245765, 0.0010942296597006972, 0.038301100284627465, 0.027493331241992294, 0.008571074711520172, 0.00633883844935201, 0.02983296457307341, 0.00203657146993714, 0.21555004418605625, 0.03674991633388721, 0.013675366919442534, 0.025920931217344612, 0.08758757705742574, 0.019743738963320476, 0.033006603712125986, 0.0012526179896627935, 0.01846274982740825, 0.051043840303082746, 0.018928631792589863, 0.002188134675513533, 0.13758451375423572, 0.013435711560983929, 0.008070800876937461, 0.03783944483068255, 0.05659591417991623, 0.018354506087503792, 0.05534853899834069, 0.01742781752670409, 0.11622697697188167, 0.10630349183059123, 0.0036927897144856565, 0.008149629741565028, 0.07285070913055806, 0.04084242189428293, 0.008526562755066974, 0.024818412610004746, 0.06353159446325728, 0.023373357237594344, 0.0019952535780407227, 0.043839555894472255, 0.06367232165593487, 0.062723231812983, 0.009008144731210614, 0.0035499182021717516, 0.011628813529670046, 0.005271062378110135, 0.00016950506531207275, 0.01677879037789481, 0.008968708251291183, 0.0009209242899587665, 0.0218967278299792, 0.08741080570215637, 0.018095970412317496, 0.01415527699845883, 0.09291448923696952, 0.06935306871831208, 0.019934586386777264, 0.036689643244743254, 0.010433063695062568, 0.0001917273142342396, 0.11510831252563758, 0.061832086729375006, 0.03762558981966607, 0.00278086106320645)
